2020-01-02 0.83 1.3 0.54
2020-01-03 0.85 1.36 0.55
2020-01-06 0.83 1.28 0.54
2020-01-07 0.83 1.21 0.44
2020-01-08 0.76 1.01 0.47
2020-01-09 0.66 0.85 0.49
2020-01-10 0.86 1.39 0.52
2020-01-13 0.76 1.11 0.47
2020-01-14 0.76 1.2 0.47
2020-01-15 0.75 1.11 0.44
2020-01-16 0.71 0.84 0.47
2020-01-17 0.66 0.78 0.48
2020-01-21 0.83 1.18 0.59
2020-01-22 0.82 1.14 0.52
2020-01-23 0.76 1.09 0.54
2020-01-24 1.1 1.59 0.7
2020-01-27 1.01 1.3 0.64
2020-01-28 0.8 1.03 0.55
2020-01-29 0.83 1.44 0.5
2020-01-30 0.86 1.22 0.61
2020-01-31 1.07 1.15 0.74
2020-02-03 0.72 1.15 0.5
2020-02-04 0.82 1.35 0.46
2020-02-05 0.94 1.23 0.51
2020-02-06 0.71 0.93 0.47
2020-02-07 0.95 1.34 0.56
2020-02-10 0.84 1.36 0.46
2020-02-11 0.72 0.93 0.45
2020-02-12 0.7 1.02 0.48
2020-02-13 0.8 1.15 0.55
2020-02-14 0.83 1.1 0.58
2020-02-18 0.78 1.06 0.51
2020-02-19 0.81 1.35 0.45
2020-02-20 0.84 1.22 0.51
2020-02-21 1.15 1.6 0.73
2020-02-24 1.09 1.18 0.7
2020-02-25 1.31 1.3 0.8
2020-02-26 1.23 1.49 0.65
2020-02-27 1.31 1.59 0.86
2020-02-28 1.27 1.51 0.85
2020-03-02 1.29 1.7 0.76
2020-03-03 0.8 0.71 0.73
2020-03-04 1.25 1.17 0.64
2020-03-05 0.88 0.83 0.78
2020-03-06 1.18 1.4 0.89
2020-03-09 1.83 2.3 1.12
2020-03-10 1.19 1.6 0.75
2020-03-11 1.36 1.59 1.02
2020-03-12 1.46 1.41 1.28
2020-03-13 1.27 1.36 1.0
2020-03-16 1.28 1.25 1.1
2020-03-17 1.01 0.99 0.86
2020-03-18 1.33 1.58 0.98
2020-03-19 1.12 1.33 0.88
2020-03-20 1.23 1.47 0.83
2020-03-23 1.09 1.66 0.62
2020-03-24 0.88 1.07 0.63
2020-03-25 0.95 1.06 0.65
2020-03-26 0.97 1.32 0.58
2020-03-27 1.07 1.36 0.7
2020-03-30 1.07 1.35 0.68
2020-03-31 1.14 1.32 0.7
2020-04-01 1.19 1.49 0.86
2020-04-02 1.21 1.57 0.82
2020-04-03 1.08 1.39 0.83
2020-04-06 0.97 1.23 0.69
2020-04-07 0.95 1.22 0.65
2020-04-08 1.0 1.31 0.65
2020-04-09 0.98 1.19 0.65
2020-04-13 0.91 1.19 0.65
2020-04-14 0.99 1.48 0.58
2020-04-15 0.99 1.13 0.7
2020-04-16 0.91 1.41 0.59
2020-04-17 0.92 1.23 0.6
2020-04-20 0.93 1.55 0.55
2020-04-21 1.09 1.35 0.69
2020-04-22 0.91 1.36 0.66
2020-04-23 0.87 1.33 0.59
2020-04-24 1.02 1.61 0.6
2020-04-27 1.05 1.74 0.58
2020-04-28 0.96 1.65 0.56
2020-04-29 1.02 1.62 0.53
2020-04-30 0.96 1.41 0.68
2020-05-01 1.18 1.67 0.83
2020-05-04 0.97 1.24 0.69
2020-05-05 0.89 1.6 0.59
2020-05-06 0.85 1.32 0.59
2020-05-07 0.83 1.16 0.59
2020-05-08 0.86 1.45 0.53
2020-05-11 0.86 1.37 0.5
2020-05-12 0.88 1.4 0.6
2020-05-13 1.17 1.58 0.72
2020-05-14 0.96 1.27 0.64
2020-05-15 0.8 0.9 0.57
2020-05-18 0.72 1.1 0.47
2020-05-19 0.72 1.1 0.46
2020-05-20 0.81 1.29 0.49
2020-05-21 0.84 1.5 0.55
2020-05-22 0.82 1.32 0.57
2020-05-26 0.81 1.16 0.5
2020-05-27 0.86 1.33 0.51
2020-05-28 0.85 1.13 0.54
2020-05-29 0.92 1.41 0.58
2020-06-01 0.83 1.34 0.46
2020-06-02 0.79 1.36 0.47
2020-06-03 0.69 1.07 0.4
2020-06-04 0.74 1.76 0.43
2020-06-05 0.65 1.16 0.41
2020-06-08 0.6 1.16 0.37
2020-06-09 0.7 1.8 0.4
2020-06-10 0.7 1.33 0.45
2020-06-11 1.01 1.34 0.7
2020-06-12 0.98 1.08 0.71
2020-06-15 0.88 1.22 0.51
2020-06-16 0.76 1.21 0.45
2020-06-17 0.77 1.2 0.51
2020-06-18 0.87 1.73 0.5
2020-06-19 0.91 1.8 0.57
2020-06-22 0.79 1.53 0.47
2020-06-23 0.77 1.54 0.45
2020-06-24 0.99 1.38 0.62
2020-06-25 0.89 1.79 0.54
2020-06-26 1.07 1.56 0.74
2020-06-29 0.97 1.86 0.55
2020-06-30 0.88 1.28 0.52
2020-07-01 0.83 1.7 0.46
2020-07-02 0.87 1.59 0.51
2020-07-06 0.73 1.22 0.42
2020-07-07 0.83 1.87 0.45
2020-07-08 0.76 1.62 0.4
2020-07-09 0.77 1.4 0.44
2020-07-10 0.83 1.64 0.46
2020-07-13 0.77 1.52 0.41
2020-07-14 0.85 1.46 0.43
2020-07-15 0.63 1.09 0.38
2020-07-16 0.72 1.43 0.47
2020-07-17 0.74 1.34 0.46
2020-07-20 0.77 1.49 0.45
2020-07-21 0.71 1.39 0.39
2020-07-22 0.75 1.45 0.49
2020-07-23 0.78 1.66 0.53
2020-07-24 0.91 1.58 0.6
2020-07-27 0.63 1.16 0.44
2020-07-28 0.83 1.71 0.5
2020-07-29 0.73 1.32 0.51
2020-07-30 0.77 1.27 0.55
2020-07-31 0.82 1.53 0.54
2020-08-03 0.67 1.16 0.44
2020-08-04 0.74 1.24 0.42
2020-08-05 0.67 1.09 0.41
2020-08-06 0.61 1.25 0.42
2020-08-07 0.73 1.24 0.51
2020-08-10 0.67 1.51 0.41
2020-08-11 0.7 1.42 0.45
2020-08-12 0.77 1.44 0.47
2020-08-13 0.68 1.51 0.46
2020-08-14 0.78 1.33 0.54
2020-08-17 0.76 1.56 0.49
2020-08-18 0.71 1.11 0.46
2020-08-19 0.76 1.23 0.43
2020-08-20 0.75 1.26 0.46
2020-08-21 0.69 1.23 0.45
2020-08-24 0.74 1.52 0.42
2020-08-25 0.62 1.4 0.42
2020-08-26 0.65 1.0 0.39
2020-08-27 0.62 0.96 0.38
2020-08-28 0.71 1.38 0.42
2020-08-31 0.78 1.53 0.45
2020-09-01 0.62 0.99 0.4
2020-09-02 0.74 1.2 0.4
2020-09-03 0.95 1.02 0.58
2020-09-04 1.03 1.38 0.67
2020-09-08 0.88 1.36 0.57
2020-09-09 0.86 1.23 0.62
2020-09-10 0.81 1.13 0.54
2020-09-11 1.0 1.46 0.67
2020-09-14 0.83 1.58 0.49
2020-09-15 0.69 1.08 0.46
2020-09-16 0.81 1.4 0.51
2020-09-17 0.96 1.7 0.58
2020-09-18 0.94 1.56 0.63
2020-09-21 0.94 1.68 0.49
2020-09-22 0.87 1.82 0.54
2020-09-23 0.89 1.36 0.51
2020-09-24 1.0 1.67 0.63
2020-09-25 0.88 1.53 0.56
2020-09-28 0.77 1.5 0.45
2020-09-29 0.8 1.45 0.49
2020-09-30 0.83 1.29 0.45
2020-10-01 0.78 1.33 0.5
2020-10-02 0.9 1.61 0.54
2020-10-05 0.79 1.37 0.49
2020-10-06 0.84 1.57 0.46
2020-10-07 0.76 1.48 0.42
2020-10-08 0.8 2.19 0.39
2020-10-09 0.85 1.71 0.44
2020-10-12 0.66 1.05 0.41
2020-10-13 0.75 2.03 0.39
2020-10-14 0.71 1.11 0.47
2020-10-15 0.75 1.29 0.46
2020-10-16 0.85 2.0 0.45
2020-10-19 0.78 1.41 0.43
2020-10-20 0.82 1.53 0.52
2020-10-21 0.87 1.62 0.5
2020-10-22 0.8 1.67 0.48
2020-10-23 0.84 1.87 0.53
2020-10-26 1.11 1.79 0.59
2020-10-27 0.8 1.41 0.48
2020-10-28 1.11 1.48 0.65
2020-10-29 0.9 1.49 0.52
2020-10-30 1.03 1.16 0.77
2020-11-02 0.98 1.56 0.62
2020-11-03 1.03 1.52 0.45
2020-11-04 0.98 1.58 0.45
2020-11-05 0.8 1.57 0.44
2020-11-06 0.85 2.0 0.41
2020-11-09 0.74 1.36 0.37
2020-11-10 0.85 1.64 0.52
2020-11-11 1.02 1.61 0.46
2020-11-12 0.93 1.8 0.52
2020-11-13 0.81 1.4 0.5
2020-11-16 0.73 1.44 0.43
2020-11-17 0.87 1.38 0.49
2020-11-18 0.73 1.25 0.42
2020-11-19 0.76 1.14 0.46
2020-11-20 0.71 1.61 0.4
2020-11-23 0.65 1.38 0.42
2020-11-24 0.64 1.43 0.38
2020-11-25 0.72 1.81 0.4
2020-11-27 0.74 2.06 0.41
2020-11-30 0.8 1.61 0.43
2020-12-01 0.65 1.14 0.37
2020-12-02 0.68 1.34 0.41
2020-12-03 0.65 1.38 0.35
2020-12-04 0.68 1.57 0.39
2020-12-07 0.65 1.41 0.37
2020-12-08 0.65 1.35 0.38
2020-12-09 0.84 1.48 0.42
2020-12-10 0.7 1.15 0.4
2020-12-11 0.97 1.67 0.5
2020-12-14 0.81 1.59 0.42
2020-12-15 0.91 1.78 0.43
2020-12-16 0.77 1.68 0.42
2020-12-17 0.69 1.46 0.37
2020-12-18 0.75 1.46 0.46
2020-12-21 0.76 1.04 0.47
2020-12-22 0.6 1.2 0.37
2020-12-23 0.78 1.71 0.41
2020-12-24 0.8 1.42 0.54
2020-12-28 0.72 1.18 0.44
2020-12-29 0.78 1.43 0.45
2020-12-30 0.81 1.53 0.47
2020-12-31 0.86 1.28 0.56
2021-01-04 0.86 1.43 0.47
2021-01-05 0.73 1.16 0.45
2021-01-06 0.78 1.48 0.39
2021-01-07 0.68 1.14 0.38
2021-01-08 0.73 1.44 0.44
2021-01-11 0.79 1.73 0.41
2021-01-12 0.69 1.43 0.34
2021-01-13 0.85 1.35 0.34
2021-01-14 0.66 1.4 0.36
2021-01-15 0.8 1.47 0.45
2021-01-19 0.69 1.22 0.37
2021-01-20 0.71 1.21 0.4
2021-01-21 0.74 1.74 0.4
2021-01-22 0.63 1.37 0.4
2021-01-25 0.72 1.63 0.38
2021-01-26 0.71 1.81 0.4
2021-01-27 0.73 1.15 0.4
2021-01-28 0.75 1.28 0.4
2021-01-29 0.93 1.33 0.58
2021-02-01 0.77 1.46 0.42
2021-02-02 0.78 1.84 0.4
2021-02-03 0.85 1.5 0.43
2021-02-04 0.73 1.32 0.41
2021-02-05 0.75 1.54 0.42
2021-02-08 0.69 1.3 0.39
2021-02-09 0.67 1.36 0.36
2021-02-10 0.75 1.52 0.37
2021-02-11 0.74 1.82 0.38
2021-02-12 0.82 1.6 0.45
2021-02-16 0.77 1.65 0.42
2021-02-17 0.71 1.28 0.39
2021-02-18 0.82 1.39 0.51
2021-02-19 0.75 1.57 0.43
2021-02-22 0.66 1.32 0.43
2021-02-23 0.76 1.28 0.44
2021-02-24 0.7 1.39 0.35
2021-02-25 0.8 1.5 0.47
2021-02-26 0.92 1.21 0.63
2021-03-01 0.97 1.39 0.38
2021-03-02 0.77 1.64 0.44
2021-03-03 0.83 1.25 0.48
2021-03-04 0.89 1.17 0.54
2021-03-05 0.95 1.44 0.6
2021-03-08 0.79 1.24 0.46
2021-03-09 0.92 1.8 0.42
2021-03-10 0.72 1.05 0.42
2021-03-11 0.74 1.29 0.44
2021-03-12 0.77 1.37 0.44
2021-03-15 0.75 1.33 0.38
2021-03-16 0.89 1.62 0.43
2021-03-17 0.73 1.07 0.44
2021-03-18 0.75 1.2 0.47
2021-03-19 0.82 1.39 0.51
2021-03-22 0.72 1.4 0.39
2021-03-23 0.81 1.36 0.44
2021-03-24 0.89 1.47 0.57
2021-03-25 0.88 1.43 0.58
2021-03-26 0.89 1.36 0.58
2021-03-29 0.85 1.34 0.51
2021-03-30 0.77 1.51 0.48
2021-03-31 0.74 1.08 0.42
2021-04-01 0.72 1.36 0.42
2021-04-05 0.69 1.27 0.38
2021-04-06 0.67 1.24 0.41
2021-04-07 0.8 1.41 0.47
2021-04-08 0.72 0.95 0.45
2021-04-09 0.75 1.17 0.5
2021-04-12 0.73 1.12 0.48
2021-04-13 0.69 1.24 0.44
2021-04-14 0.78 1.44 0.43
2021-04-15 0.76 1.37 0.48
2021-04-16 0.77 1.47 0.44
2021-04-19 0.84 1.42 0.45
2021-04-20 0.79 1.07 0.48
2021-04-21 0.71 1.17 0.43
2021-04-22 0.79 1.48 0.52
2021-04-23 0.8 1.25 0.55
2021-04-26 0.65 1.23 0.43
2021-04-27 0.7 1.12 0.5
2021-04-28 0.81 1.54 0.43
2021-04-29 0.71 1.17 0.47
2021-04-30 0.95 1.41 0.59
2021-05-03 0.75 1.29 0.51
2021-05-04 0.86 1.13 0.56
2021-05-05 0.88 1.64 0.46
2021-05-06 0.87 1.45 0.57
2021-05-07 0.86 1.42 0.51
2021-05-10 0.9 1.43 0.59
2021-05-11 0.99 1.23 0.57
2021-05-12 0.98 1.04 0.63
2021-05-13 1.0 1.58 0.63
2021-05-14 0.9 1.37 0.54
2021-05-17 0.92 1.54 0.55
2021-05-18 0.85 1.47 0.48
2021-05-19 1.07 1.52 0.58
2021-05-20 0.84 1.56 0.48
2021-05-21 0.85 1.7 0.53
2021-05-24 0.76 1.37 0.41
2021-05-25 0.82 1.46 0.49
2021-05-26 0.76 1.54 0.44
2021-05-27 0.71 1.32 0.41
2021-05-28 0.73 1.4 0.45
2021-06-01 0.66 1.28 0.42
2021-06-02 0.69 1.37 0.37
2021-06-03 0.67 1.36 0.41
2021-06-04 0.84 1.82 0.44
2021-06-07 0.68 1.4 0.43
2021-06-08 0.65 1.52 0.35
2021-06-09 0.65 1.37 0.36
2021-06-10 0.78 1.38 0.43
2021-06-11 0.85 1.6 0.48
2021-06-14 0.71 1.54 0.36
2021-06-15 0.71 1.21 0.45
2021-06-16 0.97 1.85 0.55
2021-06-17 0.84 1.75 0.49
2021-06-18 0.9 1.67 0.56
2021-06-21 0.8 1.58 0.42
2021-06-22 0.78 1.61 0.47
2021-06-23 0.7 1.35 0.39
2021-06-24 0.68 1.39 0.4
2021-06-25 0.74 1.39 0.48
2021-06-28 0.76 1.59 0.42
2021-06-29 0.66 1.38 0.43
2021-06-30 0.74 1.34 0.4
2021-07-01 0.65 0.84 0.44
2021-07-02 0.78 1.3 0.51
2021-07-06 0.89 1.53 0.51
2021-07-07 0.83 1.64 0.52
2021-07-08 0.86 1.37 0.59
2021-07-09 0.87 1.26 0.53
2021-07-12 0.88 1.73 0.49
2021-07-13 0.81 1.73 0.48
2021-07-14 0.81 1.39 0.49
2021-07-15 0.89 1.29 0.59
2021-07-16 0.98 1.53 0.69
2021-07-19 0.98 1.22 0.53
2021-07-20 0.78 1.18 0.44
2021-07-21 0.86 1.62 0.46
2021-07-22 0.87 1.43 0.57
2021-07-23 0.88 1.43 0.61
2021-07-26 0.86 1.59 0.54
2021-07-27 1.0 1.46 0.59
2021-07-28 0.8 1.42 0.52
2021-07-29 0.67 1.35 0.48
2021-07-30 0.83 1.53 0.56
2021-08-02 0.89 1.82 0.51
2021-08-03 0.76 1.35 0.47
2021-08-04 0.84 1.7 0.52
2021-08-05 0.82 1.76 0.52
2021-08-06 0.95 1.71 0.55
2021-08-09 0.86 1.57 0.49
2021-08-10 0.72 1.4 0.43
2021-08-11 0.98 1.55 0.52
2021-08-12 0.88 1.52 0.53
2021-08-13 0.93 1.84 0.57
2021-08-16 0.87 1.45 0.54
2021-08-17 0.92 1.33 0.58
2021-08-18 0.91 1.71 0.52
2021-08-19 1.04 1.61 0.61
2021-08-20 0.91 1.75 0.57
2021-08-23 0.78 1.61 0.41
2021-08-24 0.69 1.64 0.39
2021-08-25 0.8 1.75 0.42
2021-08-26 0.86 1.48 0.55
2021-08-27 0.88 1.88 0.49
2021-08-30 0.77 1.34 0.42
2021-08-31 0.89 1.65 0.46
2021-09-01 0.81 1.79 0.45
2021-09-02 0.68 1.51 0.42
2021-09-03 0.89 1.8 0.5
2021-09-07 0.87 1.83 0.43
2021-09-08 0.86 1.57 0.42
2021-09-09 0.82 1.62 0.47
2021-09-10 0.99 1.74 0.53
2021-09-13 0.91 1.46 0.46
2021-09-14 0.9 1.17 0.55
2021-09-15 0.85 1.21 0.49
2021-09-16 0.84 1.58 0.49
2021-09-17 0.92 1.69 0.56
2021-09-20 1.08 1.65 0.54
2021-09-21 0.89 1.69 0.44
2021-09-22 0.98 1.68 0.48
2021-09-23 0.79 1.39 0.43
2021-09-24 1.0 2.01 0.57
2021-09-27 0.82 2.14 0.43
2021-09-28 1.08 1.78 0.55
2021-09-29 0.93 1.48 0.51
2021-09-30 1.07 1.5 0.58
2021-10-01 0.94 1.36 0.56
2021-10-04 0.97 1.49 0.59
2021-10-05 0.86 1.47 0.45
2021-10-06 0.99 1.22 0.48
2021-10-07 0.95 1.63 0.52
2021-10-08 1.04 2.07 0.55
2021-10-11 0.97 1.75 0.5
2021-10-12 0.8 1.62 0.41
2021-10-13 0.89 1.53 0.48
2021-10-14 0.83 1.46 0.45
2021-10-15 0.86 1.5 0.48
2021-10-18 0.76 1.55 0.42
2021-10-19 0.76 1.44 0.4
2021-10-20 0.78 1.42 0.42
2021-10-21 0.74 1.58 0.44
2021-10-22 0.83 1.36 0.53
2021-10-25 0.71 1.38 0.41
2021-10-26 0.83 1.78 0.43
2021-10-27 0.85 1.53 0.51
2021-10-28 0.66 1.39 0.36
2021-10-29 0.87 1.58 0.46
2021-11-01 0.76 1.64 0.4
2021-11-02 0.71 1.76 0.37
2021-11-03 0.69 1.26 0.39
2021-11-04 0.69 1.61 0.39
2021-11-05 0.78 1.41 0.44
2021-11-08 0.66 1.65 0.36
2021-11-09 0.73 1.42 0.44
2021-11-10 0.87 1.49 0.48
2021-11-11 0.73 1.34 0.44
2021-11-12 0.75 1.46 0.47
2021-11-15 0.78 1.71 0.42
2021-11-16 0.79 1.57 0.44
2021-11-17 0.8 1.34 0.45
2021-11-18 0.7 1.33 0.45
2021-11-19 0.76 1.88 0.42
2021-11-22 0.77 1.52 0.4
2021-11-23 0.84 1.46 0.53
2021-11-24 0.9 1.78 0.5
2021-11-26 0.92 1.17 0.56
2021-11-29 0.87 1.61 0.42
2021-11-30 0.94 1.54 0.48
2021-12-01 0.99 1.43 0.52
2021-12-02 1.08 1.89 0.62
2021-12-03 1.15 1.43 0.74
2021-12-06 1.01 1.53 0.54
2021-12-07 0.95 1.68 0.43
2021-12-08 0.88 1.48 0.45
2021-12-09 0.91 1.58 0.53
2021-12-10 1.08 2.04 0.61
2021-12-13 0.98 1.89 0.56
2021-12-14 0.97 1.41 0.6
2021-12-15 0.92 1.4 0.59
2021-12-16 0.86 1.31 0.55
2021-12-17 0.87 1.18 0.59
2021-12-20 0.85 1.32 0.47
2021-12-21 0.87 1.59 0.49
2021-12-22 0.82 1.25 0.47
2021-12-23 0.79 1.36 0.49
2021-12-27 0.79 1.22 0.45
2021-12-28 0.73 1.34 0.46
2021-12-29 0.92 1.35 0.55
2021-12-30 0.83 1.27 0.49
2021-12-31 0.81 1.29 0.55
2022-01-03 0.76 1.44 0.43
2022-01-04 0.8 1.5 0.47
2022-01-05 1.05 1.85 0.57
2022-01-06 0.97 1.52 0.6
2022-01-07 0.95 1.54 0.59
2022-01-10 1.0 1.49 0.56
2022-01-11 0.76 1.32 0.44
2022-01-12 0.83 1.3 0.49
2022-01-13 0.96 1.49 0.6
2022-01-14 1.09 1.67 0.64
2022-01-18 1.0 1.4 0.52
2022-01-19 0.91 1.32 0.55
2022-01-20 0.99 1.41 0.62
2022-01-21 1.26 1.63 0.82
2022-01-24 1.17 1.58 0.67
2022-01-25 0.89 1.19 0.61
2022-01-26 1.0 1.65 0.56
2022-01-27 1.06 1.59 0.7
2022-01-28 1.03 1.19 0.72
2022-01-31 1.06 1.59 0.53
2022-02-01 0.95 1.44 0.53
2022-02-02 0.97 1.47 0.52
2022-02-03 1.09 1.43 0.75
2022-02-04 0.95 1.28 0.61
2022-02-07 0.93 1.38 0.53
2022-02-08 0.99 1.65 0.58
2022-02-09 0.91 1.53 0.44
2022-02-10 0.88 1.26 0.49
2022-02-11 1.12 1.51 0.64
2022-02-14 1.09 1.22 0.66
2022-02-15 0.93 1.21 0.5
2022-02-16 0.96 1.1 0.59
2022-02-17 1.04 1.42 0.68
2022-02-18 1.12 1.45 0.73
2022-02-22 0.99 1.27 0.55
2022-02-23 0.96 1.08 0.66
2022-02-24 1.03 1.32 0.67
2022-02-25 0.97 1.32 0.57
2022-02-28 0.95 1.38 0.49
2022-03-01 0.89 1.29 0.5
2022-03-02 0.95 1.34 0.55
2022-03-03 0.94 1.22 0.59
2022-03-04 0.95 1.21 0.67
2022-03-07 0.92 1.36 0.57
2022-03-08 0.96 1.37 0.52
2022-03-09 1.14 1.67 0.54
2022-03-10 0.94 1.17 0.6
2022-03-11 1.05 1.44 0.66
2022-03-14 1.0 1.16 0.63
2022-03-15 1.06 1.39 0.7
2022-03-16 1.01 1.5 0.56
2022-03-17 0.91 1.33 0.56
2022-03-18 0.78 1.07 0.45
2022-03-21 0.83 1.3 0.46
2022-03-22 0.93 1.27 0.49
2022-03-23 0.85 1.23 0.48
2022-03-24 0.84 1.54 0.47
2022-03-25 0.87 1.21 0.5
2022-03-28 0.9 1.47 0.45
2022-03-29 0.93 1.65 0.41
2022-03-30 0.86 1.47 0.42
2022-03-31 1.0 1.44 0.55
2022-04-01 1.02 1.61 0.59
2022-04-04 0.81 1.23 0.48
2022-04-05 0.95 1.47 0.58
2022-04-06 0.94 1.01 0.6
2022-04-07 0.88 1.2 0.6
2022-04-08 0.95 1.45 0.57
2022-04-11 1.01 1.38 0.55
2022-04-12 0.94 1.52 0.52
2022-04-13 0.91 1.28 0.51
2022-04-14 0.9 1.34 0.5
2022-04-18 0.95 1.47 0.45
2022-04-19 0.96 1.28 0.51
2022-04-20 0.95 1.22 0.61
2022-04-21 1.11 1.45 0.72
2022-04-22 1.3 1.61 0.87
2022-04-25 1.16 1.36 0.63
2022-04-26 1.07 1.31 0.72
2022-04-27 1.16 1.52 0.68
